4294967278,359
4294967279,357
4294967279,380
4294967279,562
1398,4
1398,3
1398,2
1398,1
1398,0
4294967278,205
4294967279,227
4294967279,203
4294967278,203
4294967279,202
4294967278,202
1397,4
1397,3
1397,2
1397,1
1397,0
4294967279,200
4294967279,197
1396,5
4294967279,194
1396,4
1396,3
1396,2
1396,1
1396,0
4294967278,397
1395,4
4294967278,190
1395,3
1395,2
1395,1
1395,0
4294967278,279
4294967278,402
1394,5
1394,4
4294967279,181
1394,3
1394,2
1394,1
1394,0
4294967279,444
4294967279,180
4294967279,178
4294967279,413
1393,5
4294967294,144
4294967294,102
4294967294,118
4294967294,745
4294967294,749
4294967279,175
1393,4
1393,3
1393,2
1393,1
1393,0
4294967279,172
4294967294,1108
4294967278,172
4294967278,171
4294967279,170
4294967279,169
1392,4
4294967278,169
1392,3
1392,2
1392,1
1392,0
4294967279,168
4294967278,168
4294967279,443
4294967278,394
4294967278,410
4294967278,269
4294967279,401
4294967278,341
4294967278,389
4294967279,395
1391,4
1391,3
1391,2
1391,1
1391,0
4294967279,157
4294967278,157
4294967278,156
1390,4
4294967279,155
1390,3
1390,2
1390,1
1390,0
4294967278,155
4294967279,154
4294967278,154
4294967279,152
1389,5
4294967278,151
4294967278,150
4294967279,149
4294967279,148
1389,4
4294967278,148
1389,3
1389,2
1389,1
1389,0
4294967278,147
4294967279,146
4294967278,146
1388,4
1388,3
1388,2
1388,1
1388,0
4294967278,143
4294967278,278
4294967278,347
4294967279,537
1387,5
1387,4
1387,3
1387,2
1387,1
1387,0
4294967279,441
4294967278,270
1386,5
1386,4
1386,3
1386,2
1386,1
1386,0
4294967278,276
4294967278,275
1385,4
4294967278,274
1385,3
1385,2
1385,1
1385,0
4294967294,153
4294967294,168
4294967294,135
4294967278,273
4294967279,440
4294967278,385
4294967278,264
1384,4
4294967278,305
1384,3
1384,2
1384,1
1384,0
4294967278,289
4294967278,288
1383,4
4294967278,265
1383,3
1383,2
1383,1
1383,0
4294967278,263
4294967278,262
4294967278,1
4294967278,261
0,6
4294967278,395
4294967279,517
4294967279,17
4294967279,15
4294967279,14
4294967279,13
4294967279,12
4294967279,11
4294967279,10
4294967279,9
4294967279,6
4294967279,5
4294967279,4
4294967278,259
1382,5
4294967278,254
1382,4
1382,3
1382,2
1382,1
1382,0
4294967278,252
4294967278,250
1381,4
1381,3
1381,2
1381,1
1381,0
4294967279,16
4294967279,557
4294967278,427
4294967278,415
1380,5
4294967278,233
1380,4
4294967278,231
1380,3
1380,2
1380,1
1380,0
4294967279,7
4294967278,225
4294967279,8
4294967278,223
1379,5
1379,4
1379,3
1379,2
1379,1
1379,0
4294967278,215
4294967279,571
4294967278,211
4294967279,338
4294967278,209
1378,4
4294967279,229
1378,3
1378,2
1378,1
1378,0
4294967278,207
4294967294,170
4294967294,152
4294967294,141
4294967294,158
4294967294,185
4294967294,124
4294967294,160
4294967294,166
4294967294,100
4294967294,195
4294967294,180
4294967294,125
4294967294,97
4294967294,201
4294967279,228
4294967279,255
4294967279,174
4294967279,396
4294967278,351
4294967279,254
4294967279,544
4294967279,196
1377,4
4294967278,196
1377,3
1377,2
1377,1
1377,0
4294967279,195
4294967278,195
4294967278,194
4294967279,193
4294967278,193
1376,4
1376,3
1376,2
1376,1
1376,0
4294967278,400
4294967279,191
4294967279,190
4294967278,189
4294967278,188
1375,5
4294967279,187
4294967279,186
4294967278,186
4294967278,185
1375,4
4294967279,184
1375,3
1375,2
1375,1
1375,0
4294967278,184
4294967279,183
4294967278,183
4294967279,182
4294967278,182
1374,4
1374,3
1374,2
1374,1
1374,0
4294967294,165
4294967294,115
4294967294,104
4294967279,561
4294967278,391
4294967278,390
1373,5
4294967278,173
4294967294,754
4294967294,747
4294967279,171
1373,4
1373,3
1373,2
1373,1
1373,0
4294967278,370
4294967278,170
4294967278,167
1372,5
4294967279,166
4294967279,165
4294967278,165
4294967279,164
4294967278,164
1372,4
4294967279,163
1372,3
1372,2
1372,1
1372,0
4294967278,163
4294967294,205
4294967279,162
4294967279,161
4294967278,161
4294967279,160
4294967278,160
1371,4
1371,3
1371,2
1371,1
1371,0
4294967279,379
4294967279,158
4294967294,832
4294967294,1
4294967293,131
4294967293,130
4294967293,129
4294967293,128
4294967293,127
4294967293,126
4294967293,125
4294967293,124
4294967293,123
4294967293,122
4294967293,121
4294967293,120
4294967293,119
4294967293,118
4294967293,117
4294967293,116
4294967293,115
4294967293,114
4294967293,113
4294967293,112
4294967293,111
4294967293,110
4294967293,109
4294967293,108
4294967293,107
4294967293,106
4294967293,105
4294967293,104
4294967293,103
4294967293,102
4294967293,101
4294967293,100
4294967293,99
4294967293,98
4294967293,97
4294967293,96
4294967293,95
4294967293,94
4294967293,93
4294967293,92
4294967293,91
4294967293,90
4294967293,89
4294967293,87
4294967293,86
4294967293,85
4294967293,84
4294967293,83
4294967293,82
4294967293,81
4294967293,80
4294967293,79
4294967293,78
4294967293,77
4294967293,76
4294967293,75
4294967293,74
4294967293,73
4294967293,72
4294967293,71
4294967293,70
4294967293,69
4294967293,68
4294967293,67
4294967293,66
4294967293,65
4294967293,64
4294967293,63
4294967293,62
4294967293,61
4294967293,60
4294967293,59
4294967293,58
4294967293,57
4294967293,56
4294967293,55
4294967293,54
4294967293,53
4294967293,52
4294967293,51
4294967293,50
4294967293,49
4294967293,48
4294967293,47
4294967293,46
4294967293,45
4294967293,44
4294967293,43
4294967293,42
4294967293,41
4294967293,40
4294967293,39
4294967293,38
4294967293,37
4294967293,36
4294967293,35
4294967293,34
4294967293,33
4294967293,32
4294967293,31
4294967293,30
4294967293,29
4294967293,28
4294967293,27
4294967293,26
4294967293,25
4294967293,24
4294967293,23
4294967293,22
4294967293,21
4294967293,20
4294967293,19
4294967293,18
4294967293,17
4294967293,16
4294967293,15
4294967293,14
4294967293,13
4294967293,12
4294967293,11
4294967293,10
4294967293,9
4294967293,8
4294967293,7
4294967293,6
4294967293,5
4294967293,4
4294967293,3
4294967278,132
4294967278,131
4294967278,130
4294967278,129
4294967278,128
4294967278,127
4294967278,126
4294967278,125
4294967278,124
4294967278,123
4294967278,323
4294967278,122
4294967278,364
4294967278,121
4294967278,120
4294967278,119
4294967278,118
4294967278,117
4294967278,116
4294967278,115
4294967278,114
4294967278,113
4294967278,112
4294967278,111
4294967278,110
4294967278,109
4294967278,108
4294967278,107
4294967278,106
4294967278,105
4294967278,104
4294967278,103
4294967278,357
4294967278,102
4294967278,101
4294967278,379
4294967278,100
4294967278,99
4294967278,98
4294967278,97
4294967278,96
4294967278,95
4294967278,94
4294967278,93
4294967278,92
4294967278,91
4294967278,90
4294967278,89
4294967278,87
4294967278,86
4294967278,85
4294967278,84
4294967278,83
4294967278,82
4294967278,81
4294967278,78
4294967278,77
4294967278,71
4294967278,68
4294967278,55
4294967278,54
4294967278,51
4294967278,50
4294967278,346
4294967278,49
4294967278,0
4294967278,260
4294967278,47
4294967278,46
4294967278,45
4294967278,44
4294967278,43
4294967278,42
4294967278,41
4294967278,40
4294967278,39
4294967278,38
4294967278,37
4294967278,36
4294967278,35
4294967278,34
4294967278,33
4294967278,32
4294967278,31
4294967278,30
4294967278,29
4294967278,28
4294967278,27
4294967278,26
4294967278,25
4294967278,24
4294967278,23
4294967278,22
4294967278,21
4294967278,20
4294967278,19
4294967278,18
4294967278,17
4294967278,16
4294967278,15
4294967278,14
4294967278,13
4294967278,12
4294967278,11
4294967278,10
4294967278,9
4294967278,8
4294967278,7
4294967278,6
4294967278,5
4294967278,4
4294967279,132
4294967279,131
4294967279,130
4294967279,129
4294967279,128
4294967279,127
4294967279,126
4294967279,125
4294967279,124
4294967279,123
4294967279,122
4294967279,121
4294967279,120
4294967279,119
4294967279,118
4294967279,117
4294967279,116
4294967279,115
4294967279,552
4294967279,114
4294967279,113
4294967279,112
4294967279,111
4294967279,110
4294967279,109
4294967279,108
4294967279,107
4294967279,106
4294967279,105
4294967279,104
4294967279,103
4294967279,516
4294967279,102
4294967279,101
4294967279,567
4294967279,100
4294967279,99
4294967279,98
4294967279,97
4294967279,96
4294967279,95
4294967279,94
4294967279,93
4294967279,92
4294967279,91
4294967279,90
4294967279,89
4294967279,87
4294967279,86
4294967279,85
4294967279,84
4294967279,83
4294967279,82
4294967279,80
4294967279,79
4294967279,78
4294967279,77
4294967279,76
4294967279,55
4294967279,53
4294967279,52
4294967279,51
4294967279,50
4294967279,49
4294967279,48
4294967279,47
4294967279,46
4294967279,45
4294967279,44
4294967279,43
4294967279,42
4294967279,41
4294967279,40
4294967279,39
4294967279,38
4294967279,37
4294967279,36
4294967279,35
4294967279,34
4294967279,33
4294967279,32
4294967279,31
4294967279,30
4294967279,29
4294967279,28
4294967279,27
4294967279,26
4294967279,25
4294967279,24
4294967279,23
4294967279,22
4294967279,21
4294967279,20
4294967279,19
4294967279,18
4294967278,76
4294967279,439
4294967294,49
4294967294,54
4294967294,53
4294967279,435
4294967279,75
4294967278,74
4294967279,74
4294967278,216
4294967278,72
4294967279,434
4294967279,346
4294967279,0
4294967279,70
4294967279,147
4294967279,71
4294967278,70
4294967294,52
4294967294,48
4294967294,207
4294967278,69
4294967279,69
4294967279,145
4294967279,433
4294967279,221
4294967279,230
4294967279,140
4294967279,554
4294967278,284
1370,5
1370,4
4294967279,136
1370,3
1370,2
1370,1
1370,0
4294967279,220
4294967279,223
1369,4
4294967279,548
1369,3
1369,2
1369,1
1369,0
4294967278,280
4294967278,309
4294967278,329
1368,7
1368,6
1368,5
1368,4
1368,3
1368,2
1368,1
1368,0
1367,6
1367,5
1367,4
1367,3
1367,2
1367,1
1367,0
4294967294,134
4294967294,146
4294967294,179
4294967294,202
4294967294,196
4294967294,176
4294967279,438
1366,5
1366,4
1366,3
1366,2
1366,1
1366,0
4294967294,209
1365,4
1365,3
1365,2
1365,1
1365,0
1364,4
1364,3
1364,2
1364,1
1364,0
1363,5
1363,4
1363,3
1363,2
1363,1
1363,0
1362,4
1362,3
1362,2
1362,1
1362,0
1361,5
1361,4
1361,3
1361,2
1361,1
1361,0
1360,5
4294967294,171
1360,4
1360,3
1360,2
1360,1
1360,0
4294967278,447
4294967294,752
4294967294,20
1359,4
1359,3
1359,2
1359,1
1359,0
0,7
4294967294,172
4294967294,178
4294967294,743
4294967294,0
0,5
4294967294,206
4294967278,80
4294967278,79
4294967278,267
4294967278,75
4294967278,73
4294967278,67
4294967278,66
4294967278,65
4294967278,376
4294967278,64
4294967278,63
4294967278,62
4294967278,61
4294967278,60
4294967278,358
4294967278,59
4294967278,58
4294967278,57
4294967278,56
4294967278,53
4294967278,386
4294967278,52
4294967278,317
4294967278,48
4294967279,81
4294967279,73
4294967279,570
4294967279,72
4294967279,68
4294967279,354
4294967279,67
4294967279,66
4294967279,65
4294967279,64
4294967279,63
4294967279,62
4294967279,61
4294967279,60
4294967279,59
4294967279,58
4294967279,57
4294967279,56
4294967279,534
4294967279,54
4294967294,46
4294967294,157
4294967294,156
4294967294,44
4294967294,105
4294967294,2
4294967294,32
4294967294,66
4294967294,30
4294967294,29
4294967294,28
4294967294,27
4294967294,904
4294967294,142
4294967294,741
4294967294,39
4294967294,163
4294967294,38
4294967294,903
4294967294,37
4294967294,208
4294967294,42
4294967294,274
4294967294,45
4294967294,263
4294967294,12
4294967294,14
4294967294,18
4294967294,51
4294967294,84
4294967294,57
4294967294,50
4294967294,191
4294967294,43
4294967294,268
4294967294,40
4294967294,41
4294967294,35
4294967294,1109
4294967294,36
4294967294,13
4294967294,11
4294967294,833
4294967294,834
4294967294,25
4294967294,26
4294967294,21
4294967294,16
4294967294,65
4294967294,92
4294967294,93
4294967294,94
4294967294,91
4294967294,95
1358,4
1358,3
1358,2
1358,1
1358,0
1357,4
1357,3
1357,2
1357,1
1357,0
1356,5
4294967294,143
1356,4
1356,3
1356,2
1356,1
1356,0
1355,4
1355,3
1355,2
1355,1
1355,0
1354,5
1354,4
1354,3
1354,2
1354,1
1354,0
1353,5
1353,4
1353,3
1353,2
1353,1
1353,0
1352,4
1352,3
1352,2
1352,1
1352,0
4294967279,445
4294967278,318
1351,4
1351,3
1351,2
1351,1
1351,0
1350,4
1350,3
1350,2
1350,1
1350,0
4294967278,446
1349,5
1349,4
1349,3
1349,2
1349,1
1349,0
1348,4
1348,3
1348,2
1348,1
1348,0
4294967279,432
4294967279,431
1347,5
1347,4
1347,3
1347,2
1347,1
1347,0
4294967278,445
1346,5
1346,4
1346,3
1346,2
1346,1
1346,0
4294967294,155
1345,4
1345,3
1345,2
1345,1
1345,0
4294967278,444
4294967278,443
4294967279,430
1344,4
1344,3
1344,2
1344,1
1344,0
1343,4
1343,3
1343,2
1343,1
1343,0
1342,4
1342,3
1342,2
1342,1
1342,0
1341,4
1341,3
1341,2
1341,1
1341,0
1340,5
1340,4
1340,3
1340,2
1340,1
1340,0
1339,4
1339,3
1339,2
1339,1
1339,0
4294967278,442
1338,5
1338,4
1338,3
1338,2
1338,1
1338,0
1337,5
4294967294,159
4294967294,174
1337,4
1337,3
1337,2
1337,1
1337,0
1336,4
1336,3
1336,2
1336,1
1336,0
4294967279,208
4294967278,369
1335,4
1335,3
1335,2
1335,1
1335,0
1334,4
1334,3
1334,2
1334,1
1334,0
1333,5
4294967279,141
1333,4
1333,3
1333,2
1333,1
1333,0
1332,4
1332,3
1332,2
1332,1
1332,0
1331,5
1331,4
1331,3
1331,2
1331,1
1331,0
1330,5
1330,4
1330,3
1330,2
1330,1
1330,0
1329,4
1329,3
1329,2
1329,1
1329,0
1328,4
1328,3
1328,2
1328,1
1328,0
1327,4
1327,3
1327,2
1327,1
1327,0
1326,5
1326,4
1326,3
1326,2
1326,1
1326,0
1325,4
1325,3
1325,2
1325,1
1325,0
1324,5
1324,4
1324,3
1324,2
1324,1
1324,0
4294967279,428
1323,5
1323,4
1323,3
1323,2
1323,1
1323,0
1322,4
1322,3
1322,2
1322,1
1322,0
4294967294,136
4294967279,427
1321,4
1321,3
1321,2
1321,1
1321,0
1320,4
1320,3
1320,2
1320,1
1320,0
1319,5
1319,4
1319,3
1319,2
1319,1
1319,0
1318,4
1318,3
1318,2
1318,1
1318,0
4294967278,372
4294967279,214
1317,5
1317,4
1317,3
1317,2
1317,1
1317,0
1316,5
1316,4
1316,3
1316,2
1316,1
1316,0
1315,4
1315,3
1315,2
1315,1
1315,0
1314,5
1314,4
1314,3
1314,2
1314,1
1314,0
1313,4
1313,3
1313,2
1313,1
1313,0
1312,5
1312,4
1312,3
1312,2
1312,1
1312,0
1311,4
1311,3
1311,2
1311,1
1311,0
1310,5
1310,4
1310,3
1310,2
1310,1
1310,0
1309,5
1309,4
1309,3
1309,2
1309,1
1309,0
1308,4
1308,3
1308,2
1308,1
1308,0
4294967279,426
4294967278,441
1307,4
1307,3
1307,2
1307,1
1307,0
1306,4
1306,3
1306,2
1306,1
1306,0
1305,5
4294967279,372
1305,4
1305,3
1305,2
1305,1
1305,0
1304,4
1304,3
1304,2
1304,1
1304,0
1303,5
1303,4
1303,3
1303,2
1303,1
1303,0
1302,5
1302,4
1302,3
1302,2
1302,1
1302,0
1301,4
1301,3
1301,2
1301,1
1301,0
4294967294,200
1300,5
1300,4
1300,3
1300,2
1300,1
1300,0
1299,4
1299,3
1299,2
1299,1
1299,0
4294967279,210
1298,5
1298,4
1298,3
1298,2
1298,1
1298,0
1297,5
1297,4
1297,3
1297,2
1297,1
1297,0
4294967279,425
4294967279,424
1296,4
1296,3
1296,2
1296,1
1296,0
1295,4
1295,3
1295,2
1295,1
1295,0
4294967278,440
1294,5
1294,4
1294,3
1294,2
1294,1
1294,0
1293,4
1293,3
1293,2
1293,1
1293,0
1292,5
1292,4
1292,3
1292,2
1292,1
1292,0
4294967279,360
4294967294,137
4294967294,177
1291,5
4294967278,266
1291,4
1291,3
1291,2
1291,1
1291,0
1290,4
1290,3
1290,2
1290,1
1290,0
4294967278,258
4294967294,175
4294967294,151
4294967279,423
1289,4
1289,3
1289,2
1289,1
1289,0
1288,4
1288,3
1288,2
1288,1
1288,0
4294967278,439
1287,5
1287,4
1287,3
1287,2
1287,1
1287,0
1286,4
1286,3
1286,2
1286,1
1286,0
4294967278,438
4294967279,411
1285,5
1285,4
1285,3
1285,2
1285,1
1285,0
1284,5
1284,4
1284,3
1284,2
1284,1
1284,0
1283,4
1283,3
1283,2
1283,1
1283,0
4294967278,437
4294967294,106
4294967279,541
4294967279,422
1282,4
1282,3
1282,2
1282,1
1282,0
4294967278,336
1281,5
1281,4
1281,3
1281,2
1281,1
1281,0
1280,5
1280,4
1280,3
1280,2
1280,1
1280,0
4294967279,442
1279,4
1279,3
1279,2
1279,1
1279,0
4294967278,399
4294967279,378
4294967294,753
4294967278,436
1278,4
1278,3
1278,2
1278,1
1278,0
1277,4
1277,3
1277,2
1277,1
1277,0
1276,5
1276,4
1276,3
1276,2
1276,1
1276,0
1275,4
1275,3
1275,2
1275,1
1275,0
4294967279,528
1274,5
1274,4
1274,3
1274,2
1274,1
1274,0
4294967278,435
4294967279,524
1273,5
4294967279,211
4294967279,519
1273,4
1273,3
1273,2
1273,1
1273,0
4294967278,286
4294967279,246
1272,4
1272,3
1272,2
1272,1
1272,0
4294967278,368
4294967279,392
4294967278,434
1271,4
1271,3
1271,2
1271,1
1271,0
1270,4
1270,3
1270,2
1270,1
1270,0
4294967279,420
1269,5
1269,4
1269,3
1269,2
1269,1
1269,0
4294967279,419
1268,4
1268,3
1268,2
1268,1
1268,0
1267,5
1267,4
1267,3
1267,2
1267,1
1267,0
4294967294,733
4294967294,131
4294967294,737
1266,5
4294967279,192
1266,4
1266,3
1266,2
1266,1
1266,0
4294967279,418
4294967279,189
1265,4
1265,3
1265,2
1265,1
1265,0
4294967279,185
4294967294,198
4294967294,98
4294967279,417
4294967279,415
4294967278,361
4294967278,208
1264,4
1264,3
1264,2
1264,1
1264,0
4294967279,446
1263,4
1263,3
1263,2
1263,1
1263,0
1262,5
1262,4
1262,3
1262,2
1262,1
1262,0
1261,4
1261,3
1261,2
1261,1
1261,0
4294967279,156
1260,5
1260,4
1260,3
1260,2
1260,1
1260,0
1259,5
4294967294,129
1259,4
1259,3
1259,2
1259,1
1259,0
4294967278,141
4294967278,140
1258,4
1258,3
1258,2
1258,1
1258,0
4294967279,138
4294967278,405
4294967279,386
1257,4
1257,3
1257,2
1257,1
1257,0
1256,4
1256,3
1256,2
1256,1
1256,0
4294967279,529
4294967279,416
1255,5
4294967279,527
1255,4
1255,3
1255,2
1255,1
1255,0
1254,4
1254,3
1254,2
1254,1
1254,0
4294967278,334
4294967279,530
1253,5
4294967278,212
4294967278,321
4294967278,238
4294967279,327
4294967279,539
4294967279,556
4294967279,366
1253,4
1253,3
1253,2
1253,1
1253,0
4294967278,256
4294967279,393
1252,5
4294967279,512
1252,4
1252,3
1252,2
1252,1
1252,0
4294967278,432
1251,4
1251,3
1251,2
1251,1
1251,0
1250,4
1250,3
1250,2
1250,1
1250,0
4294967278,217
4294967294,197
1249,4
1249,3
1249,2
1249,1
1249,0
4294967278,401
4294967278,431
1248,5
4294967278,201
1248,4
1248,3
1248,2
1248,1
1248,0
4294967278,197
1247,4
1247,3
1247,2
1247,1
1247,0
4294967278,192
4294967278,191
1246,5
1246,4
1246,3
1246,2
1246,1
1246,0
1245,5
1245,4
1245,3
1245,2
1245,1
1245,0
4294967279,177
4294967278,177
1244,4
1244,3
1244,2
1244,1
1244,0
4294967278,407
4294967278,307
4294967278,325
4294967279,513
1243,5
1243,4
1243,3
1243,2
1243,1
1243,0
1242,4
1242,3
1242,2
1242,1
1242,0
4294967278,137
1241,5
1241,4
1241,3
1241,2
1241,1
1241,0
1240,4
1240,3
1240,2
1240,1
1240,0
4294967294,739
4294967294,199
4294967279,142
1239,5
1239,4
1239,3
1239,2
1239,1
1239,0
1238,5
1238,4
1238,3
1238,2
1238,1
1238,0
4294967279,222
1237,4
1237,3
1237,2
1237,1
1237,0
4294967279,412
4294967279,410
4294967279,409
4294967278,392
1236,5
1236,4
1236,3
1236,2
1236,1
1236,0
1235,4
1235,3
1235,2
1235,1
1235,0
4294967279,209
4294967279,207
1234,5
4294967279,206
1234,4
1234,3
1234,2
1234,1
1234,0
4294967278,363
4294967278,296
4294967278,304
4294967278,380
4294967278,251
4294967278,242
4294967278,366
4294967279,340
4294967279,204
4294967279,367
4294967279,550
4294967279,205
1233,5
4294967278,243
4294967279,536
4294967279,239
1233,4
1233,3
1233,2
1233,1
1233,0
4294967278,237
4294967279,437
4294967278,429
4294967278,365
4294967279,436
1232,5
1232,4
1232,3
1232,2
1232,1
1232,0
4294967294,154
4294967294,132
1231,4
1231,3
1231,2
1231,1
1231,0
1230,5
1230,4
1230,3
1230,2
1230,1
1230,0
1229,4
1229,3
1229,2
1229,1
1229,0
4294967294,730
1228,5
1228,4
1228,3
1228,2
1228,1
1228,0
1227,5
4294967278,176
1227,4
1227,3
1227,2
1227,1
1227,0
4294967278,428
4294967279,173
1226,4
1226,3
1226,2
1226,1
1226,0
4294967278,426
4294967278,419
4294967278,356
4294967278,214
4294967278,378
